\\pos1.png 1 91 42 120 89 
\\pos10.png 1 98 103 113 67 
\\pos100.png 1 30 152 102 49 
\\pos1000.png 1 176 61 51 65 
\\pos1001.png 1 190 152 87 53 
\\pos1002.png 1 120 10 76 47 
\\pos1003.png 1 162 35 90 62 
\\pos1004.png 1 150 110 88 63 
\\pos1005.png 1 135 8 70 47 
\\pos1007.png 1 132 68 68 61 
\\pos1008.png 1 233 116 81 73 
\\pos1009.png 1 71 144 71 52 
\\pos101.png 1 107 93 59 70 
\\pos1010.png 1 121 87 83 79 
\\pos1011.png 1 165 17 54 64 
\\pos1012.png 1 124 32 68 73 
\\pos1013.png 1 159 101 85 67 
\\pos1014.png 1 177 51 92 89 
\\pos1015.png 1 144 85 60 83 
\\pos1016.png 1 141 129 83 53 
\\pos1017.png 1 176 61 72 56 
\\pos1019.png 1 102 102 93 47 
\\pos102.png 1 184 60 74 92 
\\pos1020.png 1 191 29 67 50 
\\pos1021.png 1 120 35 60 50 
\\pos1022.png 1 136 112 72 61 
\\pos1023.png 1 203 118 69 45 
\\pos1024.png 1 117 51 44 60 
\\pos1025.png 1 111 113 90 53 
\\pos1026.png 1 192 126 50 63 
\\pos1027.png 1 130 141 38 58 
\\pos1028.png 1 152 87 52 59 
\\pos1029.png 1 176 117 66 52 
\\pos103.png 1 153 94 59 59 
\\pos1030.png 1 109 82 77 57 
\\pos1031.png 1 132 70 62 52 
\\pos1032.png 1 167 126 83 63 
\\pos1033.png 1 128 71 104 98 
\\pos1034.png 1 131 35 85 98 
\\pos1035.png 1 152 85 108 80 
\\pos1036.png 1 141 66 90 94 
\\pos1037.png 1 131 45 89 93 
\\pos1038.png 1 160 77 84 71 
\\pos1039.png 1 136 73 98 100 
\\pos104.png 1 66 25 94 82 
\\pos1040.png 1 146 16 90 83 
\\pos1041.png 1 134 69 106 86 
\\pos1042.png 1 124 56 134 120 
\\pos1043.png 1 129 29 127 112 
\\pos1044.png 1 159 86 85 79 
\\pos1045.png 1 129 85 99 80 
\\pos1046.png 1 155 39 90 86 
\\pos1047.png 1 151 81 96 88 
\\pos1048.png 1 156 84 96 86 
\\pos1049.png 1 130 32 106 84 
\\pos105.png 1 140 53 105 103 
\\pos1050.png 1 145 68 102 77 
\\pos1051.png 1 162 90 82 87 
\\pos1052.png 1 158 29 89 103 
\\pos1053.png 1 131 89 107 78 
\\pos1054.png 1 150 72 110 105 
\\pos1055.png 1 164 28 99 84 
\\pos1056.png 1 136 81 87 78 
\\pos1057.png 1 153 85 93 72 
\\pos1058.png 1 165 49 84 90 
\\pos1059.png 1 119 82 109 83 
\\pos106.png 1 128 63 100 95 
\\pos1060.png 1 167 75 110 102 
\\pos1061.png 1 155 82 97 81 
\\pos1062.png 1 105 65 98 103 
\\pos1063.png 1 151 50 119 111 
\\pos1064.png 1 136 50 115 99 
\\pos1065.png 1 133 45 108 108 
\\pos1066.png 1 148 54 100 85 
\\pos1067.png 1 145 49 106 105 
\\pos1068.png 1 119 47 116 94 
\\pos1069.png 1 137 68 130 103 
\\pos107.png 1 100 40 122 101 
\\pos1070.png 1 160 57 106 96 
\\pos1071.png 1 115 109 73 59 
\\pos1072.png 1 144 57 119 99 
\\pos1073.png 1 137 73 91 71 
\\pos1074.png 1 118 53 118 110 
\\pos1075.png 1 155 46 121 119 
\\pos1076.png 1 160 60 98 109 
\\pos1077.png 1 117 56 107 90 
\\pos1078.png 1 190 58 90 101 
\\pos1079.png 1 164 61 95 116 
\\pos108.png 1 109 73 130 112 
\\pos1080.png 1 116 51 96 91 
\\pos1081.png 1 195 33 146 152 
\\pos1082.png 1 160 45 152 135 
\\pos1083.png 1 30 34 148 128 
\\pos1084.png 1 212 20 120 126 
\\pos1085.png 1 19 25 80 87 
\\pos1086.png 1 288 122 64 76 
\\pos1087.png 1 37 152 98 57 
\\pos1088.png 1 36 11 77 58 
\\pos1089.png 1 84 21 76 76 
\\pos109.png 1 120 50 118 101 
\\pos1090.png 1 164 39 91 74 
\\pos1091.png 1 146 49 114 108 
\\pos1092.png 1 100 17 115 96 
\\pos1093.png 1 142 53 131 105 
\\pos1094.png 1 149 67 101 102 
\\pos1095.png 1 111 22 88 77 
\\pos1096.png 1 156 34 105 94 
\\pos1097.png 1 120 30 112 113 
\\pos1098.png 1 119 39 138 124 
\\pos1099.png 1 119 49 121 108 
\\pos11.png 1 137 49 119 96 
\\pos110.png 1 147 44 103 111 
\\pos1100.png 1 123 60 105 112 
\\pos1101.png 1 109 2 114 105 
\\pos1102.png 1 128 23 121 95 
\\pos1103.png 1 140 61 93 104 
\\pos1104.png 1 134 45 117 127 
\\pos1105.png 1 132 45 107 108 
\\pos1106.png 1 123 89 105 100 
\\pos1107.png 1 145 35 128 131 
\\pos1108.png 1 115 42 118 91 
\\pos1109.png 1 142 41 106 126 
\\pos111.png 1 140 81 109 91 
\\pos1110.png 1 175 65 92 93 
\\pos1111.png 1 146 58 104 99 
\\pos1112.png 1 125 38 131 118 
\\pos1113.png 1 120 47 139 111 
\\pos1114.png 1 118 48 130 115 
\\pos1115.png 1 115 44 125 103 
\\pos1116.png 1 129 64 113 100 
\\pos1117.png 1 134 74 112 71 
\\pos1118.png 1 126 62 110 110 
\\pos1119.png 1 130 63 137 110 
\\pos112.png 1 123 43 96 97 
\\pos1120.png 1 125 62 92 103 
\\pos1121.png 1 112 43 108 124 
\\pos1122.png 1 183 66 95 93 
\\pos1123.png 1 102 69 112 92 
\\pos1124.png 1 124 52 94 86 
\\pos1125.png 1 129 64 134 102 
\\pos1126.png 1 140 56 116 106 
\\pos1127.png 1 104 52 144 118 
\\pos1128.png 1 115 57 146 109 
\\pos1129.png 1 124 57 118 107 
\\pos113.png 1 127 41 110 109 
\\pos1130.png 1 136 50 122 100 
\\pos1131.png 1 140 60 112 101 
\\pos1132.png 1 115 41 111 118 
\\pos1133.png 1 117 37 107 103 
\\pos1134.png 1 116 47 116 112 
\\pos1135.png 1 118 54 135 101 
\\pos1136.png 1 134 53 90 100 
\\pos1137.png 1 137 60 133 97 
\\pos1138.png 1 147 58 97 105 
\\pos1139.png 1 121 47 100 79 
\\pos114.png 1 124 53 146 124 
\\pos1140.png 1 116 51 133 128 
\\pos1141.png 1 134 59 126 109 
\\pos1142.png 1 132 39 103 131 
\\pos1143.png 1 136 61 116 109 
\\pos1144.png 1 142 47 100 114 
\\pos1145.png 1 135 41 114 120 
\\pos1146.png 1 133 48 115 102 
\\pos1147.png 1 144 31 104 93 
\\pos1148.png 1 145 49 78 88 
\\pos1149.png 1 118 41 129 121 
\\pos115.png 1 136 43 96 113 
\\pos1150.png 1 134 53 110 107 
\\pos1151.png 1 138 61 101 91 
\\pos1152.png 1 142 42 100 114 
\\pos1153.png 1 131 58 115 97 
\\pos1154.png 1 148 48 92 108 
\\pos1155.png 1 122 95 110 90 
\\pos1156.png 1 162 73 110 99 
\\pos1157.png 1 150 77 111 78 
\\pos1158.png 1 152 55 98 110 
\\pos1159.png 1 127 58 126 108 
\\pos116.png 1 126 50 133 117 
\\pos1160.png 1 131 72 125 101 
\\pos1161.png 1 130 48 140 115 
\\pos1162.png 1 132 51 136 98 
\\pos1163.png 1 120 54 124 118 
\\pos1164.png 1 119 57 128 124 
\\pos1165.png 1 136 61 136 106 
\\pos1166.png 1 133 56 110 110 
\\pos1167.png 1 128 65 118 108 
\\pos1168.png 1 136 54 111 106 
\\pos1169.png 1 128 77 100 111 
\\pos117.png 1 117 63 149 127 
\\pos1170.png 1 116 53 135 120 
\\pos1171.png 1 3 32 170 177 
\\pos1172.png 1 1 8 136 135 
\\pos1173.png 1 194 41 186 172 
\\pos1174.png 1 51 64 142 102 
\\pos1175.png 1 187 78 149 124 
\\pos1176.png 1 25 18 171 112 
\\pos1177.png 1 251 5 104 112 
\\pos1178.png 1 228 105 115 105 
\\pos1179.png 1 32 7 140 133 
\\pos118.png 1 171 45 111 112 
\\pos1180.png 1 108 51 140 112 
\\pos1181.png 1 105 31 158 131 
\\pos1182.png 1 116 36 146 124 
\\pos1183.png 1 184 36 112 90 
\\pos1184.png 1 108 29 111 125 
\\pos1185.png 1 56 6 126 104 
\\pos1186.png 1 155 21 117 110 
\\pos1187.png 1 136 48 152 124 
\\pos1188.png 1 103 15 145 124 
\\pos1189.png 1 140 33 125 113 
\\pos119.png 1 156 38 114 93 
\\pos1190.png 1 124 57 138 120 
\\pos1191.png 1 114 33 130 125 
\\pos1192.png 1 139 45 127 98 
\\pos1193.png 1 147 37 133 126 
\\pos1194.png 1 120 32 116 103 
\\pos1195.png 1 119 54 139 102 
\\pos1196.png 1 137 42 107 115 
\\pos1197.png 1 109 69 132 106 
\\pos1198.png 1 144 40 131 111 
\\pos1199.png 1 126 48 113 98 
\\pos12.png 1 164 78 83 66 
\\pos120.png 1 112 42 166 125 
\\pos1200.png 1 109 61 143 104 
\\pos1201.png 1 124 40 127 127 
\\pos1202.png 1 120 31 128 130 
\\pos1203.png 1 127 52 128 114 
\\pos1204.png 1 124 38 131 119 
\\pos1205.png 1 128 51 124 122 
\\pos1206.png 1 131 43 110 103 
\\pos1207.png 1 136 39 117 114 
\\pos1208.png 1 124 45 130 120 
\\pos1209.png 1 133 42 132 124 
\\pos121.png 1 114 50 135 126 
\\pos1210.png 1 108 54 128 107 
\\pos1211.png 1 135 37 117 130 
\\pos1212.png 1 120 50 144 118 
\\pos1213.png 1 148 42 128 124 
\\pos1214.png 1 118 55 124 111 
\\pos1215.png 1 132 43 137 123 
\\pos1216.png 1 124 71 117 110 
\\pos1217.png 1 133 32 116 118 
\\pos1218.png 1 115 61 111 105 
\\pos1219.png 1 141 47 101 90 
\\pos122.png 1 143 60 104 109 
\\pos1220.png 1 136 34 119 127 
\\pos1221.png 1 126 37 135 133 
\\pos1222.png 1 135 40 103 122 
\\pos1223.png 1 134 49 110 95 
\\pos1224.png 1 178 41 86 92 
\\pos1225.png 1 136 77 110 104 
\\pos1226.png 1 146 80 99 99 
\\pos1227.png 1 148 78 88 96 
\\pos1228.png 1 154 91 62 79 
\\pos1229.png 1 148 58 109 125 
\\pos123.png 1 134 56 109 107 
\\pos1230.png 1 118 62 134 116 
\\pos1231.png 1 146 66 118 109 
\\pos1232.png 1 132 81 106 85 
\\pos1233.png 1 152 73 104 111 
\\pos1234.png 1 143 81 115 84 
\\pos1235.png 1 167 59 95 104 
\\pos1236.png 1 139 45 105 107 
\\pos1237.png 1 140 109 86 77 
\\pos1238.png 1 147 47 96 95 
\\pos1239.png 1 122 43 126 120 
\\pos124.png 1 115 41 125 121 
\\pos1240.png 1 138 38 120 127 
\\pos1241.png 1 125 48 112 110 
\\pos1242.png 1 135 47 118 129 
\\pos1243.png 1 116 47 136 116 
\\pos1244.png 1 124 53 122 101 
\\pos1245.png 1 126 45 122 120 
\\pos1246.png 1 119 49 109 122 
\\pos1247.png 1 144 45 125 107 
\\pos1248.png 1 144 45 122 116 
\\pos1249.png 1 149 45 111 121 
\\pos125.png 1 116 57 116 106 
\\pos1250.png 1 140 55 122 91 
\\pos1251.png 1 167 52 100 96 
\\pos1252.png 1 132 39 120 119 
\\pos1253.png 1 133 52 120 125 
\\pos1254.png 1 126 66 105 107 
\\pos1255.png 1 141 67 111 104 
\\pos1256.png 1 127 52 140 117 
\\pos1257.png 1 150 56 116 115 
\\pos1258.png 1 130 53 94 112 
\\pos1259.png 1 147 47 104 105 
\\pos126.png 1 112 54 110 121 
\\pos1260.png 1 140 58 90 104 
\\pos1261.png 1 4 62 156 138 
\\pos1262.png 1 4 9 143 152 
\\pos1263.png 1 167 63 128 111 
\\pos1264.png 1 32 81 124 104 
\\pos1265.png 1 16 25 99 96 
\\pos1266.png 1 13 31 115 80 
\\pos1267.png 1 84 72 112 89 
\\pos1268.png 1 137 42 97 103 
\\pos1269.png 1 23 33 84 97 
\\pos127.png 1 145 43 119 106 
\\pos1270.png 1 240 5 113 115 
\\pos1271.png 1 158 54 124 129 
\\pos1272.png 1 152 76 120 102 
\\pos1273.png 1 127 56 98 113 
\\pos1274.png 1 147 58 116 97 
\\pos1275.png 1 140 54 121 115 
\\pos1276.png 1 139 23 113 99 
\\pos1277.png 1 140 48 114 127 
\\pos1278.png 1 128 29 126 107 
\\pos1279.png 1 144 49 116 99 
\\pos128.png 1 164 40 93 105 
\\pos1280.png 1 143 69 118 127 
\\pos1281.png 1 119 66 140 109 
\\pos1282.png 1 150 73 100 89 
\\pos1283.png 1 157 46 97 99 
\\pos1284.png 1 135 72 110 121 
\\pos1285.png 1 120 66 93 85 
\\pos1286.png 1 125 61 104 104 
\\pos1287.png 1 142 61 87 111 
\\pos1288.png 1 143 74 107 88 
\\pos1289.png 1 150 71 105 100 
\\pos129.png 1 164 88 77 83 
\\pos1290.png 1 130 97 125 92 
\\pos1291.png 1 132 41 114 122 
\\pos1292.png 1 117 40 104 108 
\\pos1293.png 1 155 55 94 114 
\\pos1294.png 1 136 38 121 106 
\\pos1295.png 1 135 44 125 93 
\\pos1296.png 1 133 43 120 143 
\\pos1297.png 1 114 53 115 110 
\\pos1298.png 1 140 49 100 108 
\\pos1299.png 1 141 69 119 121 
\\pos13.png 1 128 48 104 113 
\\pos130.png 1 126 85 102 83 
\\pos1300.png 1 134 69 118 95 
\\pos1301.png 1 135 69 109 90 
\\pos1302.png 1 154 50 97 83 
\\pos1303.png 1 128 73 111 111 
\\pos1304.png 1 136 77 113 96 
\\pos1305.png 1 135 65 108 95 
\\pos1306.png 1 144 54 103 114 
\\pos1307.png 1 125 60 132 109 
\\pos1308.png 1 129 45 113 108 
\\pos1309.png 1 136 62 105 120 
\\pos131.png 1 132 70 102 99 
\\pos1310.png 1 147 59 110 86 
\\pos1311.png 1 155 39 112 118 
\\pos1312.png 1 119 56 106 113 
\\pos1313.png 1 140 61 101 87 
\\pos1314.png 1 146 61 93 93 
\\pos1315.png 1 145 63 100 98 
\\pos1316.png 1 134 73 102 100 
\\pos1317.png 1 146 80 90 73 
\\pos1318.png 1 125 63 106 111 
\\pos1319.png 1 122 65 125 105 
\\pos132.png 1 137 53 95 87 
\\pos1320.png 1 126 33 118 144 
\\pos1321.png 1 112 58 121 109 
\\pos1322.png 1 113 65 116 101 
\\pos1323.png 1 139 65 99 100 
\\pos1324.png 1 157 71 96 82 
\\pos1325.png 1 132 56 113 121 
\\pos1326.png 1 144 69 110 89 
\\pos1327.png 1 145 67 109 98 
\\pos1328.png 1 151 54 109 105 
\\pos1329.png 1 171 57 89 120 
\\pos133.png 1 131 65 89 81 
\\pos1330.png 1 148 75 95 91 
\\pos1331.png 1 140 69 112 90 
\\pos1332.png 1 139 43 107 127 
\\pos1333.png 1 145 60 106 101 
\\pos1334.png 1 164 45 117 112 
\\pos1335.png 1 143 55 97 96 
\\pos1336.png 1 142 60 110 106 
\\pos1337.png 1 130 71 121 97 
\\pos1338.png 1 140 41 112 108 
\\pos1339.png 1 143 44 116 129 
\\pos134.png 1 146 66 107 99 
\\pos1340.png 1 118 43 124 77 
\\pos1341.png 1 124 27 84 101 
\\pos1342.png 1 136 46 119 104 
\\pos1343.png 1 143 57 99 88 
\\pos1344.png 1 137 45 119 116 
\\pos1345.png 1 127 53 105 112 
\\pos1346.png 1 144 76 108 93 
\\pos1347.png 1 173 79 75 78 
\\pos1348.png 1 136 53 101 113 
\\pos1349.png 1 128 67 117 112 
\\pos135.png 1 141 37 113 115 
\\pos1350.png 1 129 46 116 101 
\\pos1351.png 1 4 76 56 125 
\\pos1352.png 1 3 9 98 148 
\\pos1353.png 1 88 35 105 114 
\\pos1354.png 1 124 49 100 100 
\\pos1355.png 1 262 80 102 110 
\\pos1356.png 1 16 37 84 104 
\\pos1357.png 1 73 69 131 123 
\\pos1358.png 1 128 40 147 134 
\\pos1359.png 1 141 48 166 133 
\\pos136.png 1 143 67 143 110 
\\pos1360.png 1 115 68 102 108 
\\pos1361.png 1 108 43 120 115 
\\pos1362.png 1 136 42 120 118 
\\pos1363.png 1 135 68 122 100 
\\pos1364.png 1 128 33 115 127 
\\pos1365.png 1 124 48 124 114 
\\pos1366.png 1 145 53 107 112 
\\pos1367.png 1 120 53 124 123 
\\pos1368.png 1 194 89 103 104 
\\pos1369.png 1 96 115 93 74 
\\pos137.png 1 115 73 111 106 
\\pos1370.png 1 131 41 120 147 
\\pos1371.png 1 125 45 138 128 
\\pos1372.png 1 122 52 134 120 
\\pos1373.png 1 122 40 145 130 
\\pos1374.png 1 138 51 126 127 
\\pos1375.png 1 137 46 127 115 
\\pos1376.png 1 133 58 111 118 
\\pos1377.png 1 130 44 143 133 
\\pos1378.png 1 112 37 147 135 
\\pos1379.png 1 140 27 116 117 
\\pos138.png 1 146 61 117 110 
\\pos1380.png 1 131 59 120 119 
\\pos1381.png 1 141 38 121 123 
\\pos1382.png 1 125 44 89 138 
\\pos1383.png 1 128 40 143 123 
\\pos1384.png 1 126 57 116 112 
\\pos1385.png 1 133 41 121 128 
\\pos1386.png 1 138 63 112 106 
\\pos1387.png 1 131 22 126 159 
\\pos1388.png 1 143 29 122 106 
\\pos1389.png 1 125 55 129 105 
\\pos139.png 1 121 41 133 126 
\\pos1390.png 1 137 57 105 111 
\\pos1391.png 1 143 44 137 127 
\\pos1392.png 1 136 45 107 128 
\\pos1393.png 1 115 73 115 89 
\\pos1394.png 1 136 43 127 122 
\\pos1395.png 1 124 61 109 112 
\\pos1396.png 1 144 63 109 103 
\\pos1397.png 1 128 42 123 107 
\\pos1398.png 1 136 53 104 104 
\\pos1399.png 1 131 58 128 93 
\\pos14.png 1 37 7 110 89 
\\pos140.png 1 128 33 120 133 
\\pos1400.png 1 128 47 126 114 
\\pos1401.png 1 129 41 139 120 
\\pos1402.png 1 131 45 119 130 
\\pos1403.png 1 151 49 103 104 
\\pos1404.png 1 133 60 119 109 
\\pos1405.png 1 142 49 109 126 
\\pos1406.png 1 125 38 133 131 
\\pos1407.png 1 126 41 125 124 
\\pos1408.png 1 135 42 115 112 
\\pos1409.png 1 125 47 116 114 
\\pos141.png 1 142 43 110 112 
\\pos1410.png 1 116 49 120 107 
\\pos1411.png 1 147 59 112 107 
\\pos1412.png 1 149 54 114 103 
\\pos1413.png 1 138 63 114 107 
\\pos1414.png 1 151 66 113 106 
\\pos1415.png 1 148 53 115 98 
\\pos1416.png 1 152 51 93 95 
\\pos1417.png 1 149 59 106 92 
\\pos1418.png 1 148 42 122 133 
\\pos1419.png 1 140 57 103 124 
\\pos142.png 1 152 79 100 98 
\\pos1420.png 1 148 30 116 99 
\\pos1421.png 1 125 69 96 109 
\\pos1422.png 1 156 53 96 95 
\\pos1423.png 1 156 69 81 106 
\\pos1424.png 1 137 38 127 118 
\\pos1425.png 1 137 49 119 133 
\\pos1426.png 1 132 71 123 101 
\\pos1427.png 1 152 71 90 78 
\\pos1428.png 1 155 48 104 97 
\\pos1429.png 1 119 37 109 113 
\\pos143.png 1 134 52 113 114 
\\pos1430.png 1 132 49 122 126 
\\pos1431.png 1 124 38 133 92 
\\pos1432.png 1 120 48 138 108 
\\pos1433.png 1 129 41 115 118 
\\pos1434.png 1 116 53 120 110 
\\pos1435.png 1 133 47 115 121 
\\pos1436.png 1 135 53 137 119 
\\pos1437.png 1 136 54 112 111 
\\pos1438.png 1 130 50 107 121 
\\pos1439.png 1 136 44 125 116 
\\pos144.png 1 148 41 112 95 
\\pos1440.png 1 117 33 99 116 
\\pos1441.png 1 2 63 114 99 
\\pos1442.png 1 3 2 114 133 
\\pos1443.png 1 257 64 126 143 
\\pos1444.png 1 20 88 141 110 
\\pos1445.png 1 25 17 146 112 
\\pos1446.png 1 60 9 140 116 
\\pos1447.png 1 104 57 117 98 
\\pos1448.png 1 117 29 129 122 
\\pos1449.png 1 108 40 135 109 
\\pos145.png 1 160 30 123 116 
\\pos1450.png 1 110 69 133 84 
\\pos1451.png 1 102 41 152 123 
\\pos1452.png 1 97 31 138 143 
\\pos1453.png 1 96 50 156 120 
\\pos1454.png 1 106 40 143 132 
\\pos1455.png 1 122 47 132 122 
\\pos1456.png 1 114 57 119 91 
\\pos1457.png 1 132 35 113 114 
\\pos1458.png 1 126 37 152 152 
\\pos1459.png 1 121 49 116 97 
\\pos146.png 1 134 53 114 111 
\\pos1460.png 1 131 37 101 104 
\\pos1461.png 1 120 33 144 127 
\\pos1462.png 1 135 45 135 119 
\\pos1463.png 1 92 5 132 131 
\\pos1464.png 1 120 28 131 107 
\\pos1465.png 1 137 41 112 97 
\\pos1466.png 1 140 26 127 117 
\\pos1467.png 1 142 65 122 109 
\\pos1468.png 1 140 109 108 88 
\\pos1469.png 1 110 9 96 97 
\\pos147.png 1 120 39 125 119 
\\pos1470.png 1 147 53 109 121 
\\pos1471.png 1 124 49 132 124 
\\pos1472.png 1 125 41 128 120 
\\pos1473.png 1 129 18 117 109 
\\pos1474.png 1 120 46 117 119 
\\pos1475.png 1 136 33 116 107 
\\pos1476.png 1 134 42 118 115 
\\pos1477.png 1 123 41 127 132 
\\pos1478.png 1 126 36 139 109 
\\pos1479.png 1 128 46 117 115 
\\pos148.png 1 132 51 136 105 
\\pos1480.png 1 128 29 115 134 
\\pos1481.png 1 129 45 126 124 
\\pos1482.png 1 116 33 152 127 
\\pos1483.png 1 124 42 121 124 
\\pos1484.png 1 123 46 126 115 
\\pos1485.png 1 106 54 123 102 
\\pos1486.png 1 124 53 116 120 
\\pos1487.png 1 112 65 132 108 
\\pos1488.png 1 120 36 135 104 
\\pos1489.png 1 125 42 143 123 
\\pos149.png 1 117 34 127 128 
\\pos1490.png 1 124 40 125 115 
\\pos1491.png 1 117 39 139 135 
\\pos1492.png 1 123 39 114 120 
\\pos1493.png 1 111 43 118 115 
\\pos1494.png 1 106 42 132 127 
\\pos1495.png 1 124 33 144 128 
\\pos1496.png 1 125 33 123 121 
\\pos1497.png 1 121 40 136 137 
\\pos1498.png 1 123 40 133 117 
\\pos1499.png 1 124 38 128 134 
\\pos15.png 1 159 87 140 124 
\\pos150.png 1 124 37 132 114 
\\pos1500.png 1 121 53 96 90 
\\pos1501.png 1 146 68 110 114 
\\pos1502.png 1 139 53 113 103 
\\pos1503.png 1 126 49 109 128 
\\pos1504.png 1 144 62 105 103 
\\pos1505.png 1 153 71 110 102 
\\pos1506.png 1 124 58 115 107 
\\pos1507.png 1 116 73 109 96 
\\pos1508.png 1 135 49 102 108 
\\pos1509.png 1 127 49 132 120 
\\pos151.png 1 112 49 143 108 
\\pos1510.png 1 155 50 117 110 
\\pos1511.png 1 131 78 117 115 
\\pos1512.png 1 143 69 120 100 
\\pos1513.png 1 168 60 81 71 
\\pos1514.png 1 143 74 108 111 
\\pos1515.png 1 148 74 120 108 
\\pos1516.png 1 157 65 111 108 
\\pos1517.png 1 144 68 121 98 
\\pos1518.png 1 118 37 118 123 
\\pos1519.png 1 108 41 118 132 
\\pos152.png 1 113 46 138 114 
\\pos1520.png 1 136 43 116 123 
\\pos1521.png 1 108 44 142 124 
\\pos1522.png 1 112 49 113 115 
\\pos1523.png 1 126 55 127 103 
\\pos1524.png 1 138 37 125 108 
\\pos1525.png 1 117 61 122 109 
\\pos1526.png 1 108 56 131 95 
\\pos1527.png 1 121 48 123 115 
\\pos1528.png 1 132 38 121 117 
\\pos1529.png 1 124 41 115 125 
\\pos153.png 1 134 51 104 108 
\\pos1530.png 1 129 49 119 113 
\\pos1531.png 1 0 69 84 115 
\\pos1532.png 1 3 7 107 145 
\\pos1533.png 1 250 62 131 148 
\\pos1534.png 1 34 105 102 90 
\\pos1535.png 1 24 9 119 132 
\\pos1536.png 1 42 23 149 135 
\\pos1537.png 1 104 41 123 121 
\\pos1538.png 1 32 13 128 121 
\\pos1539.png 1 88 25 140 114 
\\pos154.png 1 128 52 112 125 
\\pos1540.png 1 112 54 125 113 
\\pos1541.png 1 36 9 96 100 
\\pos1542.png 1 109 32 107 127 
\\pos1543.png 1 123 52 109 89 
\\pos1544.png 1 109 29 115 135 
\\pos1545.png 1 134 36 124 137 
\\pos1546.png 1 104 71 90 92 
\\pos1547.png 1 106 44 110 108 
\\pos1548.png 1 118 44 134 107 
\\pos1549.png 1 112 35 113 116 
\\pos155.png 1 128 41 125 123 
\\pos1550.png 1 118 32 128 129 
\\pos1551.png 1 127 24 122 132 
\\pos1552.png 1 125 41 115 120 
\\pos1553.png 1 93 31 111 122 
\\pos1554.png 1 145 45 111 113 
\\pos1555.png 1 122 27 122 126 
\\pos1556.png 1 127 38 104 124 
\\pos1557.png 1 127 48 132 120 
\\pos1558.png 1 120 44 124 125 
\\pos1559.png 1 101 24 136 139 
\\pos156.png 1 118 45 142 116 
\\pos1560.png 1 141 29 100 114 
\\pos1561.png 1 121 34 147 135 
\\pos1562.png 1 133 37 122 108 
\\pos1563.png 1 120 94 132 98 
\\pos1564.png 1 116 59 115 118 
\\pos1565.png 1 109 59 111 99 
\\pos1566.png 1 124 61 151 112 
\\pos1567.png 1 122 45 126 120 
\\pos1568.png 1 132 49 127 116 
\\pos1569.png 1 108 50 146 130 
\\pos157.png 1 117 57 122 112 
\\pos1570.png 1 116 50 129 134 
\\pos1571.png 1 108 47 136 115 
\\pos1572.png 1 131 51 117 109 
\\pos1573.png 1 115 49 113 113 
\\pos1574.png 1 110 53 114 116 
\\pos1575.png 1 121 48 128 122 
\\pos1576.png 1 116 41 125 135 
\\pos1577.png 1 120 53 89 108 
\\pos1578.png 1 119 57 105 108 
\\pos1579.png 1 131 42 116 100 
\\pos158.png 1 126 52 103 112 
\\pos1580.png 1 132 29 121 127 
\\pos1581.png 1 113 46 107 111 
\\pos1582.png 1 107 60 113 116 
\\pos1583.png 1 128 51 124 110 
\\pos1584.png 1 119 35 89 108 
\\pos1585.png 1 121 55 139 118 
\\pos1586.png 1 124 36 137 126 
\\pos1587.png 1 116 40 142 125 
\\pos1588.png 1 106 59 110 114 
\\pos1589.png 1 125 43 113 94 
\\pos159.png 1 135 41 122 112 
\\pos1590.png 1 128 41 122 107 
\\pos1591.png 1 127 40 113 121 
\\pos1592.png 1 122 45 117 98 
\\pos1593.png 1 136 70 92 98 
\\pos1594.png 1 133 91 88 78 
\\pos1595.png 1 138 82 96 95 
\\pos1596.png 1 134 56 121 112 
\\pos1597.png 1 126 42 116 114 
\\pos1598.png 1 154 57 110 113 
\\pos1599.png 1 111 45 126 141 
\\pos16.png 1 108 72 130 112 
\\pos160.png 1 158 44 111 101 
\\pos1600.png 1 126 43 108 114 
\\pos1601.png 1 123 42 137 148 
\\pos1602.png 1 138 53 109 100 
\\pos1603.png 1 120 30 107 97 
\\pos1604.png 1 130 54 88 99 
\\pos1605.png 1 149 60 99 89 
\\pos1606.png 1 129 47 109 109 
\\pos1607.png 1 147 45 107 104 
\\pos1608.png 1 145 38 78 116 
\\pos1609.png 1 123 53 135 133 
\\pos161.png 1 124 52 92 90 
\\pos1610.png 1 149 54 88 107 
\\pos1611.png 1 158 68 112 89 
\\pos1612.png 1 144 37 118 112 
\\pos1613.png 1 136 65 107 122 
\\pos1614.png 1 115 45 123 123 
\\pos1615.png 1 137 43 112 130 
\\pos1616.png 1 126 53 131 131 
\\pos1617.png 1 140 57 91 96 
\\pos1618.png 1 134 49 111 112 
\\pos1619.png 1 145 44 126 113 
\\pos162.png 1 141 59 71 88 
\\pos1620.png 1 135 32 124 109 
\\pos1621.png 1 5 56 110 157 
\\pos1622.png 1 7 8 111 105 
\\pos1623.png 1 240 68 138 126 
\\pos1624.png 1 27 122 77 70 
\\pos1625.png 1 20 16 78 85 
\\pos1626.png 1 250 109 108 96 
\\pos1627.png 1 151 35 82 78 
\\pos1628.png 1 87 67 100 104 
\\pos1629.png 1 183 69 113 80 
\\pos163.png 1 116 45 146 125 
\\pos1630.png 1 125 45 97 111 
\\pos1631.png 1 78 44 105 109 
\\pos1632.png 1 178 81 109 93 
\\pos1633.png 1 102 77 104 92 
\\pos1634.png 1 116 40 102 127 
\\pos1635.png 1 159 104 115 81 
\\pos1636.png 1 126 89 109 88 
\\pos1637.png 1 117 36 103 101 
\\pos1638.png 1 157 43 117 109 
\\pos1639.png 1 123 58 121 103 
\\pos164.png 1 130 61 118 120 
\\pos1640.png 1 124 45 114 124 
\\pos1641.png 1 170 57 98 117 
\\pos1642.png 1 118 50 136 131 
\\pos1643.png 1 125 21 97 104 
\\pos1644.png 1 143 57 127 109 
\\pos1645.png 1 118 47 100 122 
\\pos1646.png 1 117 17 100 110 
\\pos1647.png 1 183 69 99 103 
\\pos1648.png 1 130 107 100 99 
\\pos1649.png 1 108 48 129 117 
\\pos165.png 1 139 46 114 127 
\\pos1650.png 1 125 71 126 117 
\\pos1651.png 1 113 54 131 130 
\\pos1652.png 1 136 33 115 112 
\\pos1653.png 1 114 67 138 114 
\\pos1654.png 1 108 61 120 112 
\\pos1655.png 1 136 41 124 103 
\\pos1656.png 1 126 44 120 114 
\\pos1657.png 1 126 46 112 123 
\\pos1658.png 1 122 38 129 129 
\\pos1659.png 1 123 45 135 135 
\\pos166.png 1 118 37 128 136 
\\pos1660.png 1 128 59 109 117 
\\pos1661.png 1 128 64 116 105 
\\pos1662.png 1 109 56 137 95 
\\pos1663.png 1 119 54 129 111 
\\pos1664.png 1 129 27 125 134 
\\pos1665.png 1 112 63 122 107 
\\pos1666.png 1 111 64 110 106 
\\pos1667.png 1 134 50 130 91 
\\pos1668.png 1 114 47 94 101 
\\pos1669.png 1 137 78 109 92 
\\pos167.png 1 121 35 119 133 
\\pos1670.png 1 134 51 124 107 
\\pos1671.png 1 109 65 134 100 
\\pos1672.png 1 150 73 119 90 
\\pos1673.png 1 155 48 115 107 
\\pos1674.png 1 114 51 131 91 
\\pos1675.png 1 150 44 102 112 
\\pos1676.png 1 150 41 109 88 
\\pos1677.png 1 114 41 122 112 
\\pos1678.png 1 149 49 101 105 
\\pos1679.png 1 153 55 105 98 
\\pos168.png 1 146 49 104 96 
\\pos1680.png 1 122 54 109 105 
\\pos1681.png 1 147 28 113 118 
\\pos1682.png 1 142 43 118 104 
\\pos1683.png 1 107 42 111 114 
\\pos1684.png 1 126 56 124 105 
\\pos1685.png 1 142 39 137 127 
\\pos1686.png 1 121 41 124 122 
\\pos1687.png 1 137 38 123 123 
\\pos1688.png 1 140 72 112 108 
\\pos1689.png 1 118 54 112 99 
\\pos169.png 1 129 42 119 134 
\\pos1690.png 1 161 40 104 114 
\\pos1691.png 1 148 62 105 112 
\\pos1692.png 1 118 43 100 116 
\\pos1693.png 1 140 36 106 113 
\\pos1694.png 1 134 68 97 105 
\\pos1695.png 1 118 36 103 106 
\\pos1696.png 1 145 40 120 116 
\\pos1697.png 1 131 59 95 95 
\\pos1698.png 1 130 58 107 106 
\\pos1699.png 1 143 44 109 117 
\\pos17.png 1 74 23 136 97 
\\pos170.png 1 127 42 124 135 
\\pos1700.png 1 130 59 117 131 
\\pos1701.png 1 132 55 106 102 
\\pos1702.png 1 142 61 120 96 
\\pos1703.png 1 121 65 101 103 
\\pos1704.png 1 142 39 121 109 
\\pos1705.png 1 132 21 104 104 
\\pos1706.png 1 129 53 125 111 
\\pos1707.png 1 144 33 106 116 
\\pos1708.png 1 124 44 111 114 
\\pos1709.png 1 129 51 133 119 
\\pos171.png 1 126 49 110 115 
\\pos1710.png 1 141 45 112 112 
\\pos1711.png 1 1 69 117 137 
\\pos1712.png 1 5 4 49 143 
\\pos1713.png 1 315 60 62 151 
\\pos1714.png 1 37 67 142 103 
\\pos1715.png 1 30 17 119 130 
\\pos1716.png 1 212 63 96 94 
\\pos1717.png 1 74 74 116 107 
\\pos1718.png 1 73 48 110 99 
\\pos1719.png 1 193 55 97 98 
\\pos172.png 1 135 72 108 89 
\\pos1720.png 1 72 98 98 103 
\\pos1721.png 1 95 24 111 137 
\\pos1722.png 1 165 78 89 98 
\\pos1723.png 1 71 93 118 101 
\\pos1724.png 1 100 41 122 115 
\\pos1725.png 1 177 78 126 97 
\\pos1726.png 1 106 74 122 116 
\\pos1727.png 1 116 40 106 106 
\\pos1728.png 1 174 91 136 108 
\\pos1729.png 1 110 79 102 114 
\\pos173.png 1 130 45 125 130 
\\pos1730.png 1 80 10 140 98 
\\pos1731.png 1 174 49 108 139 
\\pos1732.png 1 106 61 123 116 
\\pos1733.png 1 96 25 128 125 
\\pos1734.png 1 158 69 123 108 
\\pos1735.png 1 112 89 110 92 
\\pos1736.png 1 107 19 102 118 
\\pos1737.png 1 163 83 103 111 
\\pos1738.png 1 104 74 126 101 
\\pos1739.png 1 115 33 120 104 
\\pos174.png 1 124 25 123 122 
\\pos1740.png 1 168 90 93 93 
\\pos1741.png 1 116 66 110 95 
\\pos1742.png 1 126 30 117 116 
\\pos1743.png 1 142 90 109 93 
\\pos1744.png 1 106 63 94 113 
\\pos1745.png 1 122 45 91 103 
\\pos1746.png 1 130 81 104 108 
\\pos1747.png 1 119 81 121 107 
\\pos1748.png 1 133 43 107 97 
\\pos1749.png 1 115 83 111 104 
\\pos175.png 1 124 42 140 131 
\\pos1750.png 1 115 76 123 105 
\\pos1751.png 1 132 36 121 93 
\\pos1752.png 1 122 77 94 96 
\\pos1753.png 1 140 73 92 95 
\\pos1754.png 1 150 40 103 85 
\\pos1755.png 1 95 77 83 78 
\\pos1756.png 1 136 96 94 86 
\\pos1757.png 1 150 41 91 100 
\\pos1758.png 1 130 69 89 99 
\\pos1759.png 1 135 81 109 78 
\\pos176.png 1 135 49 104 126 
\\pos1760.png 1 137 49 93 88 
\\pos1761.png 1 116 77 104 104 
\\pos1762.png 1 114 91 83 84 
\\pos1763.png 1 151 30 105 95 
\\pos1764.png 1 103 79 112 110 
\\pos1765.png 1 179 64 72 84 
\\pos1766.png 1 170 46 102 110 
\\pos1767.png 1 117 53 106 73 
\\pos1768.png 1 178 52 109 103 
\\pos1769.png 1 151 50 100 101 
\\pos177.png 1 131 53 137 124 
\\pos1770.png 1 113 71 107 107 
\\pos1771.png 1 159 57 98 92 
\\pos1772.png 1 160 53 102 92 
\\pos1773.png 1 116 76 95 94 
\\pos1774.png 1 162 49 84 109 
\\pos1775.png 1 156 67 99 96 
\\pos1776.png 1 115 64 109 101 
\\pos1777.png 1 154 48 105 102 
\\pos1778.png 1 165 46 100 111 
\\pos1779.png 1 123 45 100 121 
\\pos178.png 1 121 54 135 123 
\\pos1780.png 1 149 57 114 116 
\\pos1781.png 1 164 71 96 86 
\\pos1782.png 1 124 58 101 97 
\\pos1783.png 1 153 47 90 109 
\\pos1784.png 1 164 58 91 107 
\\pos1785.png 1 120 41 99 110 
\\pos1786.png 1 164 61 96 78 
\\pos1787.png 1 174 65 78 80 
\\pos1788.png 1 114 44 101 106 
\\pos1789.png 1 170 39 100 98 
\\pos179.png 1 140 54 91 99 
\\pos1790.png 1 139 81 81 80 
\\pos1791.png 1 124 58 85 82 
\\pos1792.png 1 143 42 107 95 
\\pos1793.png 1 146 70 99 100 
\\pos1794.png 1 146 48 96 93 
\\pos1795.png 1 146 54 104 91 
\\pos1796.png 1 125 76 108 108 
\\pos1797.png 1 123 38 118 101 
\\pos1798.png 1 138 38 98 115 
\\pos1799.png 1 141 65 118 94 
\\pos18.png 1 133 45 99 114 
\\pos180.png 1 140 45 99 106 
\\pos1800.png 1 145 43 87 97 
\\pos1801.png 1 27 57 114 91 
\\pos1802.png 1 67 37 78 84 
\\pos1803.png 1 197 66 117 103 
\\pos1804.png 1 43 66 114 121 
\\pos1805.png 1 30 21 121 152 
\\pos1806.png 1 232 109 126 96 
\\pos1807.png 1 71 81 105 81 
\\pos1808.png 1 40 18 153 119 
\\pos1809.png 1 189 92 151 98 
\\pos181.png 1 102 33 124 103 
\\pos1810.png 1 78 73 126 129 
\\pos1811.png 1 62 4 129 145 
\\pos1812.png 1 49 33 74 94 
\\pos1813.png 1 114 87 88 86 
\\pos1814.png 1 88 20 111 123 
\\pos1815.png 1 214 93 84 88 
\\pos1816.png 1 94 93 98 95 
\\pos1817.png 1 86 16 92 83 
\\pos1818.png 1 195 101 108 92 
\\pos1819.png 1 105 80 83 93 
\\pos182.png 1 102 59 116 112 
\\pos1820.png 1 103 27 100 91 
\\pos1821.png 1 180 112 98 90 
\\pos1822.png 1 114 89 91 87 
\\pos1823.png 1 114 30 118 93 
\\pos1824.png 1 150 101 104 84 
\\pos1825.png 1 122 94 118 111 
\\pos1826.png 1 98 13 128 112 
\\pos1827.png 1 148 98 119 89 
\\pos1828.png 1 126 81 90 93 
\\pos1829.png 1 109 23 121 99 
\\pos183.png 1 262 65 119 146 
\\pos1830.png 1 120 105 118 92 
\\pos1831.png 1 114 95 112 96 
\\pos1832.png 1 127 35 107 92 
\\pos1833.png 1 139 82 119 104 
\\pos1834.png 1 111 83 110 101 
\\pos1835.png 1 135 38 107 85 
\\pos1836.png 1 134 90 115 94 
\\pos1837.png 1 143 93 96 85 
\\pos1838.png 1 135 43 103 87 
\\pos1839.png 1 139 85 107 109 
\\pos184.png 1 55 85 135 95 
\\pos1840.png 1 123 98 94 82 
\\pos1841.png 1 139 41 83 89 
\\pos1842.png 1 124 97 98 86 
\\pos1843.png 1 143 95 90 92 
\\pos1844.png 1 134 33 95 71 
\\pos1845.png 1 142 94 85 79 
\\pos1846.png 1 141 103 96 74 
\\pos1847.png 1 152 38 91 87 
\\pos1848.png 1 143 94 82 66 
\\pos1849.png 1 143 113 89 76 
\\pos185.png 1 33 25 85 103 
\\pos1850.png 1 158 29 85 87 
\\pos1851.png 1 112 67 99 97 
\\pos1852.png 1 158 113 88 79 
\\pos1853.png 1 165 49 110 95 
\\pos1854.png 1 103 66 107 97 
\\pos1855.png 1 166 57 108 108 
\\pos1856.png 1 174 53 105 94 
\\pos1857.png 1 98 55 111 104 
\\pos1858.png 1 162 65 84 84 
\\pos1859.png 1 172 63 94 89 
\\pos186.png 1 24 9 94 76 
\\pos1860.png 1 106 50 94 102 
\\pos1861.png 1 182 55 100 105 
\\pos1862.png 1 164 65 102 92 
\\pos1863.png 1 112 48 82 85 
\\pos1864.png 1 170 40 103 106 
\\pos1865.png 1 171 64 106 96 
\\pos1866.png 1 107 54 102 79 
\\pos1867.png 1 166 50 106 95 
\\pos1868.png 1 180 70 98 96 
\\pos1869.png 1 115 55 85 71 
\\pos187.png 1 114 53 108 95 
\\pos1870.png 1 170 36 100 100 
\\pos1871.png 1 177 92 100 74 
\\pos1872.png 1 118 46 81 87 
\\pos1873.png 1 162 33 104 95 
\\pos1874.png 1 163 85 94 96 
\\pos1875.png 1 121 46 102 85 
\\pos1876.png 1 139 41 107 84 
\\pos1877.png 1 118 82 110 103 
\\pos1878.png 1 131 34 107 92 
\\pos1879.png 1 126 38 118 87 
\\pos188.png 1 26 19 79 108 
\\pos1880.png 1 116 88 106 97 
\\pos1881.png 1 129 48 98 81 
\\pos1882.png 1 134 35 96 91 
\\pos1883.png 1 123 84 103 97 
\\pos1884.png 1 135 21 103 104 
\\pos1885.png 1 130 33 106 88 
\\pos1886.png 1 115 93 92 93 
\\pos1887.png 1 142 37 100 83 
\\pos1888.png 1 138 37 101 94 
\\pos1889.png 1 127 93 97 104 
\\pos189.png 1 131 41 143 103 
\\pos1890.png 1 176 37 114 92 
\\pos1891.png 1 6 58 70 139 
\\pos1892.png 1 1 25 141 145 
\\pos1893.png 1 210 40 140 129 
\\pos1894.png 1 59 61 125 87 
\\pos1895.png 1 52 24 136 129 
\\pos1896.png 1 205 61 101 119 
\\pos1897.png 1 88 112 107 98 
\\pos1898.png 1 30 9 118 123 
\\pos1899.png 1 201 93 101 90 
\\pos19.png 1 136 64 131 105 
\\pos190.png 1 110 46 128 131 
\\pos1900.png 1 122 77 93 104 
\\pos1901.png 1 88 13 110 133 
\\pos1902.png 1 218 85 104 120 
\\pos1903.png 1 71 93 121 118 
\\pos1904.png 1 100 46 102 95 
\\pos1905.png 1 221 102 77 97 
\\pos1906.png 1 90 109 93 96 
\\pos1907.png 1 106 17 96 93 
\\pos1908.png 1 206 108 100 89 
\\pos1909.png 1 105 95 85 81 
\\pos191.png 1 42 9 74 93 
\\pos1910.png 1 103 24 98 96 
\\pos1911.png 1 184 110 98 88 
\\pos1912.png 1 115 95 103 81 
\\pos1913.png 1 115 21 111 96 
\\pos1914.png 1 182 106 88 83 
\\pos1915.png 1 115 99 88 94 
\\pos1916.png 1 114 19 124 102 
\\pos1917.png 1 147 91 104 91 
\\pos1918.png 1 127 95 115 102 
\\pos1919.png 1 128 31 106 85 
\\pos192.png 1 149 45 99 100 
\\pos1920.png 1 133 97 113 97 
\\pos1921.png 1 150 97 95 77 
\\pos1922.png 1 127 11 104 95 
\\pos1923.png 1 127 103 107 90 
\\pos1924.png 1 131 110 98 79 
\\pos1925.png 1 136 29 99 90 
\\pos1926.png 1 100 95 106 70 
\\pos1927.png 1 140 106 88 80 
\\pos1928.png 1 137 38 91 70 
\\pos1929.png 1 142 101 99 100 
\\pos193.png 1 123 70 101 93 
\\pos1930.png 1 152 106 94 75 
\\pos1931.png 1 145 22 114 92 
\\pos1932.png 1 128 102 100 87 
\\pos1933.png 1 146 113 95 76 
\\pos1934.png 1 146 16 91 85 
\\pos1935.png 1 106 56 88 84 
\\pos1936.png 1 193 68 76 81 
\\pos1937.png 1 188 47 90 97 
\\pos1938.png 1 107 52 98 75 
\\pos1939.png 1 182 59 98 95 
\\pos194.png 1 94 11 136 136 
\\pos1940.png 1 186 48 96 85 
\\pos1941.png 1 106 50 103 98 
\\pos1942.png 1 185 57 95 101 
\\pos1943.png 1 180 53 98 102 
\\pos1944.png 1 106 52 99 103 
\\pos1945.png 1 171 38 99 107 
\\pos1946.png 1 182 47 96 101 
\\pos1947.png 1 106 59 100 106 
\\pos1948.png 1 171 61 86 76 
\\pos1949.png 1 176 61 89 84 
\\pos195.png 1 155 57 119 100 
\\pos1950.png 1 104 53 105 97 
\\pos1951.png 1 178 57 98 94 
\\pos1952.png 1 184 77 95 93 
\\pos1953.png 1 108 55 97 97 
\\pos1954.png 1 180 46 95 93 
\\pos1955.png 1 183 55 99 104 
\\pos1956.png 1 103 57 99 106 
\\pos1957.png 1 183 45 103 101 
\\pos1958.png 1 152 92 101 96 
\\pos1959.png 1 108 50 90 72 
\\pos196.png 1 127 40 121 104 
\\pos1960.png 1 179 33 81 83 
\\pos1961.png 1 167 97 95 91 
\\pos1962.png 1 122 40 89 77 
\\pos1963.png 1 125 33 106 88 
\\pos1964.png 1 135 97 108 94 
\\pos1965.png 1 130 25 94 87 
\\pos1966.png 1 137 34 89 86 
\\pos1967.png 1 146 92 100 98 
\\pos1968.png 1 136 34 99 81 
\\pos1969.png 1 150 38 93 66 
\\pos197.png 1 80 15 95 98 
\\pos1970.png 1 121 86 73 85 
\\pos1971.png 1 130 37 87 85 
\\pos1972.png 1 133 34 86 82 
\\pos1973.png 1 124 89 88 71 
\\pos1974.png 1 142 30 113 86 
\\pos1975.png 1 131 26 93 92 
\\pos1976.png 1 138 95 102 100 
\\pos1977.png 1 142 24 103 97 
\\pos1978.png 1 136 25 102 92 
\\pos1979.png 1 119 97 88 84 
\\pos198.png 1 136 30 98 107 
\\pos1980.png 1 185 38 88 99 
\\pos1981.png 1 4 49 154 144 
\\pos1982.png 1 3 8 130 146 
\\pos1983.png 1 251 89 128 122 
\\pos1984.png 1 45 113 97 81 
\\pos1985.png 1 31 15 66 83 
\\pos1986.png 1 31 10 100 103 
\\pos1987.png 1 60 105 116 96 
\\pos1988.png 1 47 13 111 124 
\\pos1989.png 1 203 79 115 110 
\\pos199.png 1 110 69 141 110 
\\pos1990.png 1 79 72 115 110 
\\pos1991.png 1 76 5 107 101 
\\pos1992.png 1 224 105 116 98 
\\pos1993.png 1 64 85 116 114 
\\pos1994.png 1 92 10 106 119 
\\pos1995.png 1 209 87 105 106 
\\pos1996.png 1 74 93 110 116 
\\pos1997.png 1 114 4 97 99 
\\pos1998.png 1 195 109 99 98 
\\pos1999.png 1 112 106 107 104 
\\pos2.png 1 2 5 150 157 
\\pos20.png 1 127 29 103 129 
\\pos200.png 1 99 51 125 104 
\\pos2000.png 1 118 32 92 86 
\\pos2001.png 1 166 109 92 85 
\\pos2002.png 1 125 107 98 90 
\\pos2003.png 1 97 8 112 95 
\\pos2004.png 1 196 105 82 93 
\\pos2005.png 1 126 103 93 87 
\\pos2006.png 1 104 27 83 80 
\\pos2007.png 1 177 101 91 104 
\\pos2008.png 1 122 105 106 100 
\\pos2009.png 1 123 16 115 106 
\\pos201.png 1 156 87 120 106 
\\pos2010.png 1 160 115 106 87 
\\pos2011.png 1 124 101 113 94 
\\pos2012.png 1 130 13 103 96 
\\pos2013.png 1 158 99 103 97 
\\pos2014.png 1 137 114 98 84 
\\pos2015.png 1 182 31 76 88 
\\pos2016.png 1 162 112 101 82 
\\pos2017.png 1 146 116 89 73 
\\pos2018.png 1 153 30 88 71 
\\pos2019.png 1 162 109 92 84 
\\pos202.png 1 90 103 124 98 
\\pos2020.png 1 150 109 96 87 
