[0, 0, 0] Black
[0, 20, 0] Black
[0, 40, 0] Green
[0, 60, 0] Green
[0, 80, 0] Green
[0, 100, 0] Green
[0, 120, 0] Green
[0, 140, 0] Green
[0, 160, 0] Green
[0, 180, 0] Green
[0, 200, 0] Green
[0, 220, 0] Green
[0, 240, 0] Green
[0, 0, 20] Black
[0, 20, 20] Black
[0, 40, 20] Green
[0, 60, 20] Green
[0, 80, 20] Green
[0, 100, 20] Green
[0, 120, 20] Green
[0, 140, 20] Green
[0, 160, 20] Green
[0, 180, 20] Green
[0, 200, 20] Green
[0, 220, 20] Green
[0, 240, 20] Green
[0, 0, 40] Blue
[0, 20, 40] Blue
[0, 40, 40] Blue
[0, 60, 40] Green
[0, 80, 40] Green
[0, 100, 40] Green
[0, 120, 40] Green
[0, 140, 40] Green
[0, 160, 40] Green
[0, 180, 40] Green
[0, 200, 40] Green
[0, 220, 40] Green
[0, 240, 40] Green
[0, 0, 60] Blue
[0, 20, 60] Blue
[0, 40, 60] Blue
[0, 60, 60] Blue
[0, 80, 60] Green
[0, 100, 60] Green
[0, 120, 60] Green
[0, 140, 60] Green
[0, 160, 60] Green
[0, 180, 60] Green
[0, 200, 60] Green
[0, 220, 60] Green
[0, 240, 60] Green
[0, 0, 80] Blue
[0, 20, 80] Blue
[0, 40, 80] Blue
[0, 60, 80] Blue
[0, 80, 80] Blue
[0, 100, 80] Green
[0, 120, 80] Green
[0, 140, 80] Green
[0, 160, 80] Green
[0, 180, 80] Green
[0, 200, 80] Green
[0, 220, 80] Green
[0, 240, 80] Green
[0, 0, 100] Blue
[0, 20, 100] Blue
[0, 40, 100] Blue
[0, 60, 100] Blue
[0, 80, 100] Blue
[0, 100, 100] Blue
[0, 120, 100] Green
[0, 140, 100] Green
[0, 160, 100] Green
[0, 180, 100] Green
[0, 200, 100] Green
[0, 220, 100] Green
[0, 240, 100] Green
[0, 0, 120] Blue
[0, 20, 120] Blue
[0, 40, 120] Blue
[0, 60, 120] Blue
[0, 80, 120] Blue
[0, 100, 120] Blue
[0, 120, 120] Blue
[0, 140, 120] Green
[0, 160, 120] Green
[0, 180, 120] Green
[0, 200, 120] Green
[0, 220, 120] Green
[0, 240, 120] Green
[0, 0, 140] Blue
[0, 20, 140] Blue
[0, 40, 140] Blue
[0, 60, 140] Blue
[0, 80, 140] Blue
[0, 100, 140] Blue
[0, 120, 140] Blue
[0, 140, 140] Blue
[0, 160, 140] Green
[0, 180, 140] Green
[0, 200, 140] Green
[0, 220, 140] Green
[0, 240, 140] Green
[0, 0, 160] Blue
[0, 20, 160] Blue
[0, 40, 160] Blue
[0, 60, 160] Blue
[0, 80, 160] Blue
[0, 100, 160] Blue
[0, 120, 160] Blue
[0, 140, 160] Blue
[0, 160, 160] Green
[0, 180, 160] Green
[0, 200, 160] Green
[0, 220, 160] Green
[0, 240, 160] Green
[0, 0, 180] Blue
[0, 20, 180] Blue
[0, 40, 180] Blue
[0, 60, 180] Blue
[0, 80, 180] Blue
[0, 100, 180] Blue
[0, 120, 180] Blue
[0, 140, 180] Blue
[0, 160, 180] Blue
[0, 180, 180] Blue
[0, 200, 180] Green
[0, 220, 180] Green
[0, 240, 180] Green
[0, 0, 200] Blue
[0, 20, 200] Blue
[0, 40, 200] Blue
[0, 60, 200] Blue
[0, 80, 200] Blue
[0, 100, 200] Blue
[0, 120, 200] Blue
[0, 140, 200] Blue
[0, 160, 200] Blue
[0, 180, 200] Blue
[0, 200, 200] Blue
[0, 220, 200] Green
[0, 240, 200] Green
[0, 0, 220] Blue
[0, 20, 220] Blue
[0, 40, 220] Blue
[0, 60, 220] Blue
[0, 80, 220] Blue
[0, 100, 220] Blue
[0, 120, 220] Blue
[0, 140, 220] Blue
[0, 160, 220] Blue
[0, 180, 220] Blue
[0, 200, 220] Blue
[0, 220, 220] Green
[0, 240, 220] Green
[0, 0, 240] Blue
[0, 20, 240] Blue
[0, 40, 240] Blue
[0, 60, 240] Blue
[0, 80, 240] Blue
[0, 100, 240] Blue
[0, 120, 240] Blue
[0, 140, 240] Blue
[0, 160, 240] Blue
[0, 180, 240] Blue
[0, 200, 240] Blue
[0, 220, 240] Blue
[0, 240, 240] Blue
[20, 0, 0] Black
[20, 20, 0] Black
[20, 40, 0] Green
[20, 60, 0] Green
[20, 80, 0] Green
[20, 100, 0] Green
[20, 120, 0] Green
[20, 140, 0] Green
[20, 160, 0] Green
[20, 180, 0] Green
[20, 200, 0] Green
[20, 220, 0] Green
[20, 240, 0] Green
[20, 0, 20] Black
[20, 20, 20] Black
[20, 40, 20] Green
[20, 60, 20] Green
[20, 80, 20] Green
[20, 100, 20] Green
[20, 120, 20] Green
[20, 140, 20] Green
[20, 160, 20] Green
[20, 180, 20] Green
[20, 200, 20] Green
[20, 220, 20] Green
[20, 240, 20] Green
[20, 0, 40] Black
[20, 20, 40] Black
[20, 40, 40] Blue
[20, 60, 40] Green
[20, 80, 40] Green
[20, 100, 40] Green
[20, 120, 40] Green
[20, 140, 40] Green
[20, 160, 40] Green
[20, 180, 40] Green
[20, 200, 40] Green
[20, 220, 40] Green
[20, 240, 40] Green
[20, 0, 60] Blue
[20, 20, 60] Blue
[20, 40, 60] Blue
[20, 60, 60] Blue
[20, 80, 60] Green
[20, 100, 60] Green
[20, 120, 60] Green
[20, 140, 60] Green
[20, 160, 60] Green
[20, 180, 60] Green
[20, 200, 60] Green
[20, 220, 60] Green
[20, 240, 60] Green
[20, 0, 80] Blue
[20, 20, 80] Blue
[20, 40, 80] Blue
[20, 60, 80] Blue
[20, 80, 80] Blue
[20, 100, 80] Green
[20, 120, 80] Green
[20, 140, 80] Green
[20, 160, 80] Green
[20, 180, 80] Green
[20, 200, 80] Green
[20, 220, 80] Green
[20, 240, 80] Green
[20, 0, 100] Blue
[20, 20, 100] Blue
[20, 40, 100] Blue
[20, 60, 100] Blue
[20, 80, 100] Blue
[20, 100, 100] Blue
[20, 120, 100] Green
[20, 140, 100] Green
[20, 160, 100] Green
[20, 180, 100] Green
[20, 200, 100] Green
[20, 220, 100] Green
[20, 240, 100] Green
[20, 0, 120] Blue
[20, 20, 120] Blue
[20, 40, 120] Blue
[20, 60, 120] Blue
[20, 80, 120] Blue
[20, 100, 120] Blue
[20, 120, 120] Blue
[20, 140, 120] Green
[20, 160, 120] Green
[20, 180, 120] Green
[20, 200, 120] Green
[20, 220, 120] Green
[20, 240, 120] Green
[20, 0, 140] Blue
[20, 20, 140] Blue
[20, 40, 140] Blue
[20, 60, 140] Blue
[20, 80, 140] Blue
[20, 100, 140] Blue
[20, 120, 140] Blue
[20, 140, 140] Blue
[20, 160, 140] Green
[20, 180, 140] Green
[20, 200, 140] Green
[20, 220, 140] Green
[20, 240, 140] Green
[20, 0, 160] Blue
[20, 20, 160] Blue
[20, 40, 160] Blue
[20, 60, 160] Blue
[20, 80, 160] Blue
[20, 100, 160] Blue
[20, 120, 160] Blue
[20, 140, 160] Blue
[20, 160, 160] Green
[20, 180, 160] Green
[20, 200, 160] Green
[20, 220, 160] Green
[20, 240, 160] Green
[20, 0, 180] Blue
[20, 20, 180] Blue
[20, 40, 180] Blue
[20, 60, 180] Blue
[20, 80, 180] Blue
[20, 100, 180] Blue
[20, 120, 180] Blue
[20, 140, 180] Blue
[20, 160, 180] Blue
[20, 180, 180] Green
[20, 200, 180] Green
[20, 220, 180] Green
[20, 240, 180] Green
[20, 0, 200] Blue
[20, 20, 200] Blue
[20, 40, 200] Blue
[20, 60, 200] Blue
[20, 80, 200] Blue
[20, 100, 200] Blue
[20, 120, 200] Blue
[20, 140, 200] Blue
[20, 160, 200] Blue
[20, 180, 200] Green
[20, 200, 200] Green
[20, 220, 200] Green
[20, 240, 200] Green
[20, 0, 220] Blue
[20, 20, 220] Blue
[20, 40, 220] Blue
[20, 60, 220] Blue
[20, 80, 220] Blue
[20, 100, 220] Blue
[20, 120, 220] Blue
[20, 140, 220] Blue
[20, 160, 220] Blue
[20, 180, 220] Blue
[20, 200, 220] Blue
[20, 220, 220] Blue
[20, 240, 220] Green
[20, 0, 240] Blue
[20, 20, 240] Blue
[20, 40, 240] Blue
[20, 60, 240] Blue
[20, 80, 240] Blue
[20, 100, 240] Blue
[20, 120, 240] Blue
[20, 140, 240] Blue
[20, 160, 240] Blue
[20, 180, 240] Blue
[20, 200, 240] Blue
[20, 220, 240] Blue
[20, 240, 240] Blue
[40, 0, 0] Red
[40, 20, 0] Red
[40, 40, 0] Brown
[40, 60, 0] Green
[40, 80, 0] Green
[40, 100, 0] Green
[40, 120, 0] Green
[40, 140, 0] Green
[40, 160, 0] Green
[40, 180, 0] Green
[40, 200, 0] Green
[40, 220, 0] Green
[40, 240, 0] Green
[40, 0, 20] Red
[40, 20, 20] Red
[40, 40, 20] Brown
[40, 60, 20] Brown
[40, 80, 20] Green
[40, 100, 20] Green
[40, 120, 20] Green
[40, 140, 20] Green
[40, 160, 20] Green
[40, 180, 20] Green
[40, 200, 20] Green
[40, 220, 20] Green
[40, 240, 20] Green
[40, 0, 40] Purple
[40, 20, 40] Purple
[40, 40, 40] Gray
[40, 60, 40] Green
[40, 80, 40] Green
[40, 100, 40] Green
[40, 120, 40] Green
[40, 140, 40] Green
[40, 160, 40] Green
[40, 180, 40] Green
[40, 200, 40] Green
[40, 220, 40] Green
[40, 240, 40] Green
[40, 0, 60] Purple
[40, 20, 60] Purple
[40, 40, 60] Purple
[40, 60, 60] Blue
[40, 80, 60] Green
[40, 100, 60] Green
[40, 120, 60] Green
[40, 140, 60] Green
[40, 160, 60] Green
[40, 180, 60] Green
[40, 200, 60] Green
[40, 220, 60] Green
[40, 240, 60] Green
[40, 0, 80] Blue
[40, 20, 80] Blue
[40, 40, 80] Blue
[40, 60, 80] Blue
[40, 80, 80] Blue
[40, 100, 80] Green
[40, 120, 80] Green
[40, 140, 80] Green
[40, 160, 80] Green
[40, 180, 80] Green
[40, 200, 80] Green
[40, 220, 80] Green
[40, 240, 80] Green
[40, 0, 100] Blue
[40, 20, 100] Blue
[40, 40, 100] Blue
[40, 60, 100] Blue
[40, 80, 100] Blue
[40, 100, 100] Blue
[40, 120, 100] Green
[40, 140, 100] Green
[40, 160, 100] Green
[40, 180, 100] Green
[40, 200, 100] Green
[40, 220, 100] Green
[40, 240, 100] Green
[40, 0, 120] Blue
[40, 20, 120] Blue
[40, 40, 120] Blue
[40, 60, 120] Blue
[40, 80, 120] Blue
[40, 100, 120] Blue
[40, 120, 120] Blue
[40, 140, 120] Green
[40, 160, 120] Green
[40, 180, 120] Green
[40, 200, 120] Green
[40, 220, 120] Green
[40, 240, 120] Green
[40, 0, 140] Blue
[40, 20, 140] Blue
[40, 40, 140] Blue
[40, 60, 140] Blue
[40, 80, 140] Blue
[40, 100, 140] Blue
[40, 120, 140] Blue
[40, 140, 140] Blue
[40, 160, 140] Green
[40, 180, 140] Green
[40, 200, 140] Green
[40, 220, 140] Green
[40, 240, 140] Green
[40, 0, 160] Blue
[40, 20, 160] Blue
[40, 40, 160] Blue
[40, 60, 160] Blue
[40, 80, 160] Blue
[40, 100, 160] Blue
[40, 120, 160] Blue
[40, 140, 160] Blue
[40, 160, 160] Blue
[40, 180, 160] Green
[40, 200, 160] Green
[40, 220, 160] Green
[40, 240, 160] Green
[40, 0, 180] Blue
[40, 20, 180] Blue
[40, 40, 180] Blue
[40, 60, 180] Blue
[40, 80, 180] Blue
[40, 100, 180] Blue
[40, 120, 180] Blue
[40, 140, 180] Blue
[40, 160, 180] Blue
[40, 180, 180] Green
[40, 200, 180] Green
[40, 220, 180] Green
[40, 240, 180] Green
[40, 0, 200] Blue
[40, 20, 200] Blue
[40, 40, 200] Blue
[40, 60, 200] Blue
[40, 80, 200] Blue
[40, 100, 200] Blue
[40, 120, 200] Blue
[40, 140, 200] Blue
[40, 160, 200] Blue
[40, 180, 200] Blue
[40, 200, 200] Green
[40, 220, 200] Green
[40, 240, 200] Green
[40, 0, 220] Blue
[40, 20, 220] Blue
[40, 40, 220] Blue
[40, 60, 220] Blue
[40, 80, 220] Blue
[40, 100, 220] Blue
[40, 120, 220] Blue
[40, 140, 220] Blue
[40, 160, 220] Blue
[40, 180, 220] Blue
[40, 200, 220] Blue
[40, 220, 220] Blue
[40, 240, 220] Green
[40, 0, 240] Blue
[40, 20, 240] Blue
[40, 40, 240] Blue
[40, 60, 240] Blue
[40, 80, 240] Blue
[40, 100, 240] Blue
[40, 120, 240] Blue
[40, 140, 240] Blue
[40, 160, 240] Blue
[40, 180, 240] Blue
[40, 200, 240] Blue
[40, 220, 240] Blue
[40, 240, 240] Blue
[60, 0, 0] Red
[60, 20, 0] Red
[60, 40, 0] Brown
[60, 60, 0] Brown
[60, 80, 0] Brown
[60, 100, 0] Green
[60, 120, 0] Green
[60, 140, 0] Green
[60, 160, 0] Green
[60, 180, 0] Green
[60, 200, 0] Green
[60, 220, 0] Green
[60, 240, 0] Green
[60, 0, 20] Red
[60, 20, 20] Red
[60, 40, 20] Brown
[60, 60, 20] Brown
[60, 80, 20] Brown
[60, 100, 20] Green
[60, 120, 20] Green
[60, 140, 20] Green
[60, 160, 20] Green
[60, 180, 20] Green
[60, 200, 20] Green
[60, 220, 20] Green
[60, 240, 20] Green
[60, 0, 40] Red
[60, 20, 40] Red
[60, 40, 40] Brown
[60, 60, 40] Brown
[60, 80, 40] Brown
[60, 100, 40] Green
[60, 120, 40] Green
[60, 140, 40] Green
[60, 160, 40] Green
[60, 180, 40] Green
[60, 200, 40] Green
[60, 220, 40] Green
[60, 240, 40] Green
[60, 0, 60] Purple
[60, 20, 60] Purple
[60, 40, 60] Purple
[60, 60, 60] Gray
[60, 80, 60] Gray
[60, 100, 60] Green
[60, 120, 60] Green
[60, 140, 60] Green
[60, 160, 60] Green
[60, 180, 60] Green
[60, 200, 60] Green
[60, 220, 60] Green
[60, 240, 60] Green
[60, 0, 80] Purple
[60, 20, 80] Purple
[60, 40, 80] Purple
[60, 60, 80] Gray
[60, 80, 80] Gray
[60, 100, 80] Gray
[60, 120, 80] Green
[60, 140, 80] Green
[60, 160, 80] Green
[60, 180, 80] Green
[60, 200, 80] Green
[60, 220, 80] Green
[60, 240, 80] Green
[60, 0, 100] Purple
[60, 20, 100] Purple
[60, 40, 100] Purple
[60, 60, 100] Blue
[60, 80, 100] Gray
[60, 100, 100] Gray
[60, 120, 100] Green
[60, 140, 100] Green
[60, 160, 100] Green
[60, 180, 100] Green
[60, 200, 100] Green
[60, 220, 100] Green
[60, 240, 100] Green
[60, 0, 120] Purple
[60, 20, 120] Purple
[60, 40, 120] Purple
[60, 60, 120] Gray
[60, 80, 120] Gray
[60, 100, 120] Blue
[60, 120, 120] Blue
[60, 140, 120] Green
[60, 160, 120] Green
[60, 180, 120] Green
[60, 200, 120] Green
[60, 220, 120] Green
[60, 240, 120] Green
[60, 0, 140] Purple
[60, 20, 140] Purple
[60, 40, 140] Purple
[60, 60, 140] Blue
[60, 80, 140] Blue
[60, 100, 140] Blue
[60, 120, 140] Blue
[60, 140, 140] Blue
[60, 160, 140] Green
[60, 180, 140] Green
[60, 200, 140] Green
[60, 220, 140] Green
[60, 240, 140] Green
[60, 0, 160] Green
[60, 20, 160] Purple
[60, 40, 160] Blue
[60, 60, 160] Blue
[60, 80, 160] Blue
[60, 100, 160] Blue
[60, 120, 160] Blue
[60, 140, 160] Blue
[60, 160, 160] Green
[60, 180, 160] Green
[60, 200, 160] Green
[60, 220, 160] Green
[60, 240, 160] Green
[60, 0, 180] Blue
[60, 20, 180] Blue
[60, 40, 180] Blue
[60, 60, 180] Blue
[60, 80, 180] Blue
[60, 100, 180] Blue
[60, 120, 180] Blue
[60, 140, 180] Blue
[60, 160, 180] Blue
[60, 180, 180] Green
[60, 200, 180] Green
[60, 220, 180] Green
[60, 240, 180] Green
[60, 0, 200] Blue
[60, 20, 200] Blue
[60, 40, 200] Blue
[60, 60, 200] Blue
[60, 80, 200] Blue
[60, 100, 200] Blue
[60, 120, 200] Blue
[60, 140, 200] Blue
[60, 160, 200] Blue
[60, 180, 200] Blue
[60, 200, 200] Blue
[60, 220, 200] Green
[60, 240, 200] Green
[60, 0, 220] Blue
[60, 20, 220] Blue
[60, 40, 220] Blue
[60, 60, 220] Blue
[60, 80, 220] Blue
[60, 100, 220] Blue
[60, 120, 220] Blue
[60, 140, 220] Blue
[60, 160, 220] Blue
[60, 180, 220] Blue
[60, 200, 220] Blue
[60, 220, 220] Blue
[60, 240, 220] Green
[60, 0, 240] Blue
[60, 20, 240] Blue
[60, 40, 240] Blue
[60, 60, 240] Blue
[60, 80, 240] Blue
[60, 100, 240] Blue
[60, 120, 240] Blue
[60, 140, 240] Blue
[60, 160, 240] Blue
[60, 180, 240] Blue
[60, 200, 240] Blue
[60, 220, 240] Blue
[60, 240, 240] Blue
[80, 0, 0] Brown
[80, 20, 0] Brown
[80, 40, 0] Brown
[80, 60, 0] Brown
[80, 80, 0] Brown
[80, 100, 0] Green
[80, 120, 0] Green
[80, 140, 0] Green
[80, 160, 0] Green
[80, 180, 0] Green
[80, 200, 0] Green
[80, 220, 0] Green
[80, 240, 0] Green
[80, 0, 20] Green
